lns[]
9.897620374258081
9.908176542022259
9.932220771359
9.932220771359
9.82265703462158
9.851983709669012
9.865214390314636
9.868274796780384
9.880884006326275
9.838575628358985
9.834941010001017
9.836332277348721
9.789646736112368
9.773435813175855
9.815803221891243
9.769098649497477
9.741674256373525
9.747126097411704
9.751035429344451
9.727704572581756
9.722624930978417
9.731690419198387
9.69959500581403
9.733707027236484
9.714383043445342
9.721005982940809
9.731690419198387
9.732165281200542
9.73014555852275
9.731155929771521
9.74425732696557
9.788132816173099
9.767896898229781
9.75417514934912
9.779510372716417
9.739261284011265
9.758577380740319
9.755625391793745
9.764972332679383
9.766407011987761
9.763478079527789
9.741262697441297
9.742261904036906
9.7019831763254
9.697262571660614
9.679843876180236
9.667575327569097
9.683588731386807
9.735719576749684
9.738730826921647
9.781432906528822
9.797182146165197
9.80234037053117
9.800014144059851
9.831561812964538
9.78239278915807
9.806095206527479
9.780019638535883
9.753187781764911
9.761520681090504
9.710266814873172
9.711782104431833
9.74671677658618
9.737255856891121
9.743729514150925
9.820105943597077
9.817330356084954
9.809396629136533
9.80234037053117
9.803777708387116
9.839322295060343
9.863498544319764
9.853719410302007
9.868792582739241
9.870551052289864
9.867497614802973
9.868792582739241
9.837507993602153
9.833386924856639
9.858176329826126
9.868792582739241
9.884967102898748
9.878836189094999
9.891516180754907
9.895808141192259
9.897972371848018
9.890604926705115
9.876630098366246
9.891920916164663
9.899680314193175
9.886697383228654
9.875345246589848
9.877092241176596
9.876219125381936
9.842197084093021
9.850350454122999
9.884559542650608
9.918819416533109
9.923878242183862
9.947504437952904
9.945061264446057
9.93183202554527
9.955700423983063
9.983314852395682
9.97417898065866
10.00987254324014
10.00446346987613
10.00793765389259
9.991223666840215
10.00870305768044
10.0136863448342
10.01601234337797
9.994333235835704
10.02131503164933
10.03341872212816
10.03341872212816
10.02397803087075
10.01980284491748
9.97417898065866
9.969790141790191
9.951610827717856
9.980957723303027
9.97501720367505
9.991223666840215
9.991223666840215
9.992368015030003
9.983314852395682
9.999388466913331
10.00328763761331
9.990032153936313
9.969415732650235
9.982160091187429
9.975808214115753
9.961331842220566
9.955273225685358
9.943429159629076
9.95934790203275
9.938468521431373
9.966180621874552
9.997068966157659
10.00446346987613
10.03758128701683
10.0457680597929
10.04615830370029
10.04650505937105
10.0764740058524
10.0524246653105
10.06198591035681
10.04168305128753
10.03341872212816
10.03530497715631
10.04771775820736
10.06104670263749
10.05770965838392
10.05474834637671
10.08322243343331
10.079623350243
10.09679026183932
10.09216387496809
10.0996298283474
10.11123316167024
10.09501659008099
10.08284639147932
10.08142451101226
10.0767263187217
10.10278912936477
10.11017646577838
10.11228874213446
10.10069772182383
10.0936119213931
10.09000861239384
10.09749061410392
10.11054237150075
10.08751598512177
10.09856079325525
10.13165844556437
10.10948494501537
10.09538808411041
10.09075519061184
10.10102607513494
10.10634676054763
10.07815489039322
10.0778189394389
10.07052625246557
10.05993559141207
10.04207489229217
10.06726319204299
10.02242547660764
10.04246657981758
10.0588232442451
10.09571818520686
10.09999961284942
10.09716109766631
10.11403206827382
10.14866653071095
10.15034763046765
10.1630401757345
10.18342722984975
10.18440932556969
10.18633294709638
10.16338724397546
10.16600565132436
10.16369564798715
10.14764867907281
10.14427453902293
10.1309816265876
10.15905957106968
10.17458282138351
10.20147880233906
10.22860990796176
10.21038384391171
10.22983730062875
10.22484615134729
10.22734483993118
10.23451642949128
10.25846605833703
10.23077487958027
10.21031026851529
10.2505464097559
10.26329259260877
10.24010263609709
10.24686446833087
10.23638196780946
10.23077487958027
10.20872708672624
10.20839540565298
10.21855373420067
10.23917376603638
10.24746725179031
10.25358088510931
10.28715003468345
10.2936359565324
10.30296812229704
10.33097504467879
10.31764807901152
10.33296211310464
10.31705309667816
10.28123882207678
10.30815234047352
10.31334300894559
10.31649084368258
10.31764807901152
10.33549721586641
10.3568853143996
10.38186229603161
10.3930486809974
10.38399828829976
10.37433457602493
10.38693170196088
10.42412488368611
10.40335333606578
10.40043735076647
0
END