 2.92
 3.00
 2.98
 2.90
 3.00
 2.99
 3.02
 3.49
 3.48
 3.50
 3.48
 3.38
 3.48
 3.48
 3.43
 3.47
 3.50
 3.50
 3.42
 3.50
 3.45
 3.36
 3.52
 3.85
 3.90
 3.98
 4.04
 4.09
 4.10
 4.04
 4.09
 4.12
 4.01
 4.08
 4.10
 4.32
 4.42
 4.60
 4.65
 4.67
 4.90
 5.17
 5.30
 5.53
 5.40
 5.53
 5.76
 5.40
 4.94
 5.00
 4.53
 4.05
 3.94
 3.98
 3.79
 3.90
 3.99
 3.88
 4.13
 4.51
 4.60
 4.71
 5.05
 5.76
 6.11
 6.07
 6.02
 6.03
 5.78
 5.91
 5.82
 6.02
 6.30
 6.61
 6.79
 7.41
 8.67
 8.90
 8.61
 9.19
 9.15
 9.00
 8.85
 8.97
 8.98
 8.98
 7.76
 8.10
 7.94
 7.60
 7.21
 6.61
 6.29
 6.20
 5.60
 4.90
 4.14
 3.72
 3.71
 4.15
 4.63
 4.91
 5.31
 5.56
 5.55
 5.20
 4.91
 4.14
 3.50
 3.29
 3.83
 4.17
 4.27
 4.46
 4.55
 4.80
 4.87
 5.04
 5.06
 5.33
 5.94
 6.58
 7.09
 7.12
 7.84
 8.49
 10.40
 10.50
 10.78
 10.01
 10.03
 9.95
 9.65
 8.97
 9.35
 10.51
 11.31
 11.93
 12.92
 12.01
 11.34
 10.06
 9.45
 8.53
 7.13
 6.24
 5.54
 5.49
 5.22
 5.55
 6.10
 6.14
 6.24
 5.82
 5.22
 5.20
 4.87
 4.77
 4.84
 4.82
 5.29
 5.48
 5.31
 5.29
 5.25
 5.02
 4.95
 4.65
 4.61
 4.68
 4.69
 4.73
 5.35
 5.39
 5.42
 5.90
 6.14
 6.47
 6.51
 6.56
 6.70
 6.78
 6.79
 6.89
 7.36
 7.60
 7.81
 8.04
 8.45
 8.96
 9.76
 10.03
 10.07
 10.06
 10.09
 10.01
 10.24
 10.29
 10.47
 10.94
 11.43
 13.77
 13.18
 13.78
 13.82
 14.13
 17.19
 17.61
 10.98
 9.47
 9.03
 9.61
 10.87
 12.81
 15.85
 18.90
 19.08
 15.93
 14.70
 15.72
 18.52
 19.10
 19.04
 17.82
 15.87
 15.08
 13.31
 12.37
 13.22
 14.78
 14.68
 14.94
 14.45
 14.15
 12.59
 10.12
 10.31
 9.71
 9.20
 8.95
 8.68
 8.51
 8.77
 8.80
 8.63
 8.98
 9.37
 9.56
 9.45
 9.48
 9.34
 9.47
 9.56
 9.59
 9.91
 10.29
 10.32
 11.06
 11.23
 11.64
 11.30
 9.99
 9.43
 8.38
 8.35
 8.50
 8.58
 8.27
 7.97
 7.53
 7.88
 7.90
 7.92
 7.99
 8.05
 8.27
 8.14
 7.86
 7.48
 6.99
 6.85
 6.92
 6.56
 6.17
 5.89
 5.85
 6.04
 6.91
 6.43
 6.10
 6.13
 6.37
 6.85
 6.73
 6.58
 6.73
 7.22
 7.29
 6.69
 6.77
 6.83
 6.58
 6.58
 6.87
 7.09
 7.51
 7.75
 8.01
 8.19
 8.30
 8.35
 8.76
 9.12
 9.36
 9.85
 9.84
 9.81
 9.53
 9.24
 8.99
 9.02
 8.84
 8.55
 8.45
 8.23
 8.24
 8.28
 8.26
 8.18
 8.29
 8.15
 8.13
 8.20
 8.11
 7.81
 7.31
 6.91
 6.25
 6.12
 5.91
 5.78
 5.90
 5.82
 5.66
 5.45
 5.21
 4.81
 4.43
 4.03
 4.06
 3.98
 3.73
 3.82
 3.76
 3.25
 3.30
 3.22
 3.10
 3.09
 2.92
 3.02
 3.03
 3.07
 2.96
 3.00
 3.04
 3.06
 3.03
 3.09
 2.99
 3.02
 2.96
 3.05
 3.25
 3.34
 3.56
 4.01
 4.25
 4.26
 4.47
 4.73
 4.76
 5.29
 5.45
 5.53
 5.92
 5.98
 6.05
 6.01
 6.00
 5.85
 5.74
 5.80
 5.76
 5.80
 5.60
 5.56
 5.22
 5.31
 5.22
 5.24
 5.27
 5.40
 5.22
 5.30
 5.24
 5.31
 5.29
 5.25
 5.19
 5.39
 5.51
 5.50
 5.56
 5.52
 5.54
 5.54
 5.50
 5.52
 5.50
 5.56
 5.51
 5.49
 5.45
 5.49
 5.56
 5.54
 5.55
 5.51
 5.07
 4.83
 4.68
